name: moocs
channels:
  - conda-forge
  - defaults
dependencies:
  - _openmp_mutex=4.5=2_gnu
  - attrs=24.3.0=py311haa95532_0
  - brotli-python=1.0.9=py311h5da7b33_9
  - bzip2=1.0.8=h2bbff1b_6
  - ca-certificates=2025.2.25=haa95532_0
  - certifi=2025.4.26=py311haa95532_0
  - cffi=1.17.1=py311h827c3e9_1
  - expat=2.7.1=h8ddb27b_0
  - h11=0.16.0=py311haa95532_0
  - h2=4.0.0=py311haa95532_3
  - hpack=4.0.0=py_0
  - hyperframe=6.0.1=pyhd3eb1b0_0
  - idna=3.7=py311haa95532_0
  - lcms2=2.17=hbcf6048_0
  - lerc=4.0.0=h5da7b33_0
  - libdeflate=1.22=h5bf469e_0
  - libffi=3.4.4=hd77b12b_1
  - libfreetype=2.13.3=h57928b3_1
  - libfreetype6=2.13.3=h0b5ce68_1
  - libgcc=15.1.0=h1383e82_2
  - libgomp=15.1.0=h1383e82_2
  - libjpeg-turbo=3.1.0=h2466b09_0
  - libpng=1.6.49=h7a4582a_0
  - libsqlite=3.50.1=h67fdade_0
  - libtiff=4.7.0=hfc51747_1
  - libwebp-base=1.5.0=h3b0e114_0
  - libwinpthread=12.0.0.r4.gg4f2fc60ca=h57928b3_9
  - libxcb=1.17.0=h0e4246c_0
  - libzlib=1.3.1=h2466b09_2
  - lz4-c=1.9.4=h2bbff1b_1
  - openjpeg=2.5.3=h4d64b90_0
  - openssl=3.0.16=h3f729d1_0
  - outcome=1.3.0=py311haa95532_0
  - pillow=11.2.1=py311h43e43bb_0
  - pip=25.1=pyhc872135_2
  - pthread-stubs=0.3=h3c9f919_1
  - pycparser=2.21=pyhd3eb1b0_0
  - pysocks=1.7.1=py311haa95532_0
  - python=3.11.0=hcf16a7b_0_cpython
  - python_abi=3.11=7_cp311
  - selenium=4.33.0=pyhe01879c_0
  - selenium-manager=4.33.0=h63977a8_0
  - setuptools=78.1.1=py311haa95532_0
  - sniffio=1.3.0=py311haa95532_0
  - sortedcontainers=2.4.0=pyhd3eb1b0_0
  - sqlite=3.45.3=h2bbff1b_0
  - tk=8.6.13=h2c6b04d_2
  - trio=0.30.0=py311haa95532_0
  - trio-websocket=0.12.2=py311haa95532_0
  - typing_extensions=4.13.2=pyh29332c3_0
  - tzdata=2025b=h04d1e81_0
  - ucrt=10.0.20348.0=haa95532_0
  - urllib3=2.4.0=pyhd8ed1ab_0
  - vc=14.42=haa95532_5
  - vc14_runtime=14.42.34438=hfd919c2_26
  - vs2015_runtime=14.42.34438=h7142326_26
  - websocket-client=1.8.0=py311haa95532_0
  - wheel=0.45.1=py311haa95532_0
  - win_inet_pton=1.1.0=py311haa95532_0
  - wsproto=1.2.0=py311haa95532_0
  - xorg-libxau=1.0.12=h0e40799_0
  - xorg-libxdmcp=1.1.5=h0e40799_0
  - xz=5.2.10=h8cc25b3_1
  - zlib=1.3.1=h2466b09_2
  - zstandard=0.23.0=py311h4fc1ca9_1
  - zstd=1.5.6=h0ea2cb4_0
prefix: C:\Users\willy\anaconda3\envs\moocs
